97.44 57.51 97.44 138.73
108.64 33.84 75.43 110.92
25.37 111.07 70.9 126.26
137.19 24.39 19.33 91.42
123.64 25.09 93.13 35.21
99.65 105.69 72.4 58.9
56.66 130.14 135.35 104.85
93.21 120.11 60.08 83.19
121.16 129.4 52.56 109.38
56.11 24.75 30.89 104.25
23.77 75.55 23.77 139.89
73.22 75.67 65.65 29.91
147.05 55.62 54.76 94.51
127.4 65.05 65.69 133.13
21.04 131.15 78.34 112.5
133.52 127.01 120.29 85.27
71.28 33.28 81.78 89.09
149.07 89.56 107.15 31.17
63.12 127.32 82.66 35.19
78.4 35.76 16.62 107.13
88.14 44.38 97.92 114.23
16.59 61.02 75.86 76.29
121.58 122.5 121.58 139.66
18.41 78.45 133.6 74.86
79.77 113.29 47.04 51.1
80.16 96.97 30.39 42.39
45.7 111.95 98.24 95.33
59.5 108.41 54.37 114.32
40.73 95.73 20.04 80.19
135.25 130.73 34.19 48.55
106.85 89.12 106.85 28.66
34.95 62.24 26.42 123.66
114.09 93.16 146.02 39.67
93.29 108.05 80.62 100.47
145.55 111.52 137.32 132.45
119.02 79.46 127.11 75.12
50.55 37.79 103.18 49.53
121.15 133.28 145.29 51.93
31.63 69.11 141.52 113.77
136.37 139.58 69.0 91.97
145.11 72.14 28.19 111.53
37.57 77.53 101.89 76.07
48.94 21.4 105.4 34.27
31.61 96.55 143.91 107.21
15.97 122.84 119.37 89.5
22.2 22.97 74.89 126.68
79.27 59.63 144.68 127.37
36.49 116.71 145.62 111.1
62.66 137.86 49.73 33.08
21.97 82.82 21.97 97.12
144.52 83.02 91.46 25.88
138.32 117.21 31.23 30.37
59.76 37.45 36.16 38.37
124.13 26.99 108.84 32.2
78.83 24.07 62.02 55.0
126.75 32.01 45.58 92.83
16.0 22.93 16.0 85.52
84.37 32.2 58.1 103.14
7.5 128.4 93.84 51.14
94.83 91.89 116.32 85.97
145.91 135.49 126.6 31.54
133.14 127.05 76.03 31.24
73.28 102.48 54.36 46.09
143.8 57.84 138.15 98.88
146.14 57.34 146.14 45.9
12.89 119.58 99.96 116.17
51.99 98.74 93.66 46.84
96.72 37.96 71.67 102.28
107.49 47.38 103.08 60.86
64.0 101.17 72.57 66.72
119.79 66.69 116.46 36.19
129.46 137.56 135.61 123.2
133.63 61.52 133.63 65.16
23.08 94.2 142.57 26.43
40.73 138.47 140.75 89.18