26.37 225.91 145.57 154.13
298.31 222.31 144.75 235.53
109.84 33.34 60.32 67.83
28.99 110.28 151.13 139.59
16.85 89.77 252.6 92.52
255.81 43.29 119.73 182.6
258.79 182.92 299.2 90.07
111.02 201.29 69.79 157.11
160.99 164.58 105.38 215.2
242.29 184.78 214.61 117.53
42.17 123.88 67.67 188.24
9.55 216.91 103.11 200.49
166.93 124.04 50.75 128.6
24.45 183.22 171.51 66.62
268.33 154.58 30.63 145.84
137.09 186.57 32.08 217.78
254.69 210.02 160.44 166.08
158.65 141.84 289.69 141.64
133.62 233.7 153.95 149.42
62.27 132.81 295.84 22.59
209.98 182.75 20.76 221.12
18.19 91.07 253.16 165.81
33.22 67.7 130.77 67.05
103.02 174.17 227.68 158.57
248.21 107.83 134.3 221.29
186.73 57.82 204.35 80.53
72.68 50.89 173.06 111.39
12.82 213.12 220.72 204.1
220.54 38.57 81.06 97.89
32.54 183.17 250.95 12.15
280.6 161.0 169.04 109.88
186.87 221.44 19.46 23.9
48.54 70.3 287.43 33.17
242.79 205.48 27.07 75.87
146.16 150.5 249.0 96.72
226.13 192.02 200.36 167.45
89.91 121.86 275.71 38.88
285.05 113.77 246.29 102.88
158.45 54.77 138.98 112.27
55.27 228.13 286.58 40.03
153.34 151.79 172.03 175.29
165.89 59.85 16.96 24.36
51.51 158.48 162.93 217.69
34.89 198.41 73.54 21.19
54.17 47.24 228.51 170.3
67.13 160.47 163.82 168.4
112.61 89.79 25.91 124.76
153.15 205.95 62.13 49.68
49.62 44.54 166.86 72.98
116.86 236.48 291.25 207.04
35.11 208.89 77.66 120.75
183.93 131.46 97.05 89.49
125.81 239.27 147.71 57.45
175.85 136.92 15.44 193.24
91.46 22.12 87.95 208.06
88.18 218.19 274.49 220.21
286.08 114.89 235.37 175.47
175.15 119.87 35.5 52.9
23.36 29.2 117.89 78.72
284.44 178.92 188.52 131.12
21.41 119.21 73.47 219.9
262.37 59.37 98.89 217.98
248.72 45.25 79.29 52.29
265.08 147.91 253.79 63.59
93.99 21.55 180.25 117.37
248.33 85.24 227.35 50.19
261.27 79.86 193.95 187.93
30.79 125.14 289.67 140.21
273.78 186.68 199.84 202.21
167.45 211.88 75.84 156.06
22.75 33.42 48.88 143.07
103.64 72.34 73.22 24.1
178.25 78.29 58.57 21.4
167.35 209.04 110.95 192.79
130.61 69.85 204.74 47.07
275.32 128.08 68.65 85.58
70.83 48.71 211.55 121.93
96.27 197.87 261.25 57.92
231.09 80.48 290.73 155.83
145.25 38.03 107.31 168.11
180.74 178.3 195.53 46.64
125.97 213.1 246.26 128.61
213.81 66.65 152.29 41.67
138.24 201.25 192.72 15.13
91.41 179.48 257.35 89.21
112.28 105.49 70.78 137.43
143.92 24.88 12.29 142.45
191.74 36.28 82.11 44.08
62.92 152.98 262.01 133.77
184.68 221.41 145.41 214.35
90.34 120.15 167.79 119.94
6.97 204.19 244.35 164.64
43.01 114.25 295.09 160.98
107.56 190.65 186.97 121.64
236.77 88.23 266.09 97.46
38.33 73.34 262.75 192.43
251.73 132.68 169.12 165.74
17.81 147.01 147.97 133.84
200.98 63.89 65.11 102.65
225.21 183.76 163.92 190.33
102.22 71.87 62.22 34.87
80.36 115.22 169.28 197.82
196.7 49.0 64.82 136.25
262.47 220.6 111.88 99.19
62.3 172.5 34.69 217.23
282.08 131.1 46.23 133.88
132.41 207.78 275.97 171.89
91.21 227.34 149.33 78.79
243.76 62.45 299.3 207.3
19.13 137.46 95.76 174.11
169.9 117.48 15.26 89.94
58.59 31.18 143.22 26.93
211.46 191.96 107.4 71.27
20.98 107.38 29.82 194.74
122.55 139.57 253.4 67.05
164.05 121.51 239.84 143.51
63.08 24.06 16.83 228.04
24.56 215.99 128.79 211.08
104.75 237.87 249.91 176.03
150.3 200.36 182.95 37.41
11.48 172.52 79.61 61.05
19.92 232.76 50.8 192.29
118.24 45.79 100.25 164.22
96.94 131.8 178.44 128.22
30.09 37.59 241.06 36.84
252.85 97.17 102.74 181.67
24.47 193.98 183.51 138.59
174.01 108.79 266.95 33.56
279.83 135.62 39.85 24.58
257.19 239.71 194.47 135.96
32.78 237.92 50.98 231.99
99.9 152.02 164.18 112.33
16.52 190.87 280.9 140.82
119.55 202.08 198.65 30.95
84.26 200.34 150.1 95.52
201.64 165.18 129.58 35.21
200.0 167.56 41.06 110.21
51.41 150.54 252.68 68.05
254.2 222.58 131.29 154.04
107.63 161.81 17.77 163.41
180.12 155.37 94.09 67.76
171.46 144.34 203.7 53.61
111.97 46.26 272.62 156.79
49.65 173.29 220.73 48.83
115.26 20.49 135.9 60.37
263.84 75.83 132.56 39.34
133.48 48.85 75.7 207.25
215.21 166.7 33.64 206.37
82.98 222.34 145.89 183.75
77.22 154.63 53.73 200.62
29.54 81.49 223.98 103.02
166.31 29.33 295.62 49.14
285.81 32.95 21.2 36.17
261.83 220.81 182.31 231.14
66.6 121.77 181.72 137.76
289.1 139.44 265.17 141.58
21.66 98.44 187.73 89.45
123.1 103.86 137.31 86.7
220.63 179.97 171.71 225.82
250.31 158.41 255.88 234.84
215.36 175.98 266.75 185.43
138.2 230.71 289.81 112.2
113.03 180.05 69.55 116.59
134.71 106.7 199.26 159.31
138.77 87.02 46.93 178.57
37.37 125.42 239.5 223.64
74.21 53.91 276.15 23.18
181.6 164.57 251.56 29.72
166.09 128.14 222.7 165.4
254.34 105.15 246.6 74.24
259.33 64.17 265.03 154.87
125.3 93.95 177.52 180.08
155.87 206.23 180.17 54.93
280.25 24.5 50.67 154.73
135.79 171.31 18.12 175.99
197.12 66.93 228.84 239.8
214.48 101.05 88.91 228.83
283.81 40.79 121.45 218.56
44.78 18.79 38.66 172.43
151.61 34.42 49.01 52.81
157.57 88.46 44.15 88.9
196.02 126.53 37.45 210.22
174.66 160.2 214.02 186.74
211.18 120.65 114.89 220.34
252.85 113.25 39.22 101.41
259.95 184.35 132.29 158.04
80.53 195.06 95.04 199.03
290.8 170.03 113.08 92.65
28.4 86.44 265.89 206.7
173.1 131.8 154.09 171.24
121.37 145.83 259.93 210.22
295.33 226.57 272.95 92.56
299.42 132.87 189.99 51.63
134.35 177.07 267.98 163.46
255.95 196.36 30.76 216.95
107.55 47.35 65.68 74.69
27.25 237.61 59.24 112.61
77.41 97.65 179.24 97.7
207.93 189.72 213.54 119.97
169.62 20.88 180.25 118.85
49.88 189.6 152.28 42.84
227.52 132.09 108.48 152.36
193.05 118.07 277.19 152.58
142.25 127.46 132.31 30.79
175.39 50.24 147.42 123.1
239.74 88.69 147.66 225.51
55.47 37.06 211.02 203.07
151.98 96.74 279.82 66.12
28.74 93.75 44.39 144.2
152.45 51.98 186.68 121.26
68.38 168.61 153.0 207.39
254.45 26.78 262.9 179.48
24.84 171.7 177.7 159.35
255.59 31.76 167.54 188.5
132.63 194.64 184.0 108.91
45.81 104.0 167.6 106.49
72.32 230.15 291.75 92.12
103.62 59.22 143.89 196.65
34.2 205.47 262.31 212.47
168.08 92.59 202.96 65.91
286.45 108.82 167.8 121.93
219.54 157.0 208.16 203.02
288.21 152.14 62.33 168.86
97.36 23.68 45.47 23.36
177.61 105.59 21.98 196.72
233.31 118.66 223.72 87.72
107.22 24.68 177.2 57.7
288.03 46.45 183.81 177.06
21.48 109.69 28.62 227.71
183.62 63.73 226.76 201.66
226.66 127.37 260.02 195.07
87.88 223.63 161.62 190.75
196.11 203.47 158.51 68.38
222.39 63.06 62.57 121.84
207.77 22.2 50.77 96.51
260.65 152.75 43.75 176.42
159.15 196.2 243.03 211.09
221.07 217.32 163.54 226.28
9.13 197.99 121.22 149.47
113.27 90.26 169.26 171.99
174.43 181.47 256.33 83.6
95.16 166.08 46.71 52.85
282.55 49.68 108.89 127.68
21.84 139.38 52.83 54.89
66.55 222.09 225.35 145.12
291.04 168.29 163.49 141.22
65.87 102.76 192.47 182.61
63.86 146.88 122.16 236.26
166.21 197.72 210.15 76.84
222.91 189.1 169.0 113.14
280.07 87.73 56.37 56.79
214.16 193.74 243.65 30.94
168.51 160.01 207.0 81.92
117.12 98.07 248.63 235.88
198.23 109.79 211.8 84.3
187.07 184.62 199.19 28.23
181.94 160.5 121.79 120.04
216.56 173.71 44.21 144.01
13.85 198.53 216.85 183.04
252.34 31.27 196.17 68.32
280.46 125.99 256.2 181.36
147.48 189.46 47.44 124.32
216.11 192.84 138.15 174.21
222.27 84.75 83.54 69.57
181.14 126.6 94.21 105.04
279.31 75.9 91.55 163.58
297.55 91.51 76.24 141.39
79.99 231.44 256.34 207.23
228.84 54.52 73.15 232.4
59.34 185.24 74.39 179.91
84.41 238.44 185.58 97.98
138.33 66.92 99.26 73.54
204.78 117.67 193.89 125.1
209.42 32.98 236.71 105.3
60.39 31.63 272.96 97.8
242.26 32.62 253.11 231.0
124.18 60.01 125.69 122.46
31.43 184.11 284.6 223.7
182.78 149.82 214.2 144.56
94.38 236.26 55.91 60.5
14.12 207.29 84.8 104.23
37.63 37.45 224.64 38.86
104.13 180.31 127.46 95.4
284.51 84.66 277.5 139.6
221.95 161.78 47.0 39.36
232.83 180.77 222.42 151.13
253.49 53.33 264.46 72.3
167.74 122.07 268.69 67.21
137.2 57.81 147.76 90.38
74.58 225.73 40.11 176.03
27.89 86.38 75.65 33.7
299.64 192.7 274.22 81.69
35.12 171.81 25.1 92.12
81.97 195.14 79.96 156.74
38.69 40.86 206.1 21.9
150.07 74.45 51.46 61.8
115.26 128.52 189.77 191.73
12.48 116.37 279.29 188.99
200.59 155.98 94.13 56.68
117.39 181.74 64.98 76.66
33.11 49.82 98.79 152.27
284.22 80.86 281.58 159.2
283.42 209.19 149.16 174.49
190.74 92.18 201.65 147.74
63.43 25.86 150.88 57.58
243.56 214.25 193.04 177.23
242.37 59.36 144.08 208.67
240.75 217.12 20.62 105.98
72.45 93.32 100.58 206.13
237.13 146.82 191.47 44.8
217.71 200.49 136.94 188.55
146.24 55.81 259.81 62.85
12.0 25.67 284.95 58.54
75.84 229.86 204.52 24.3
110.6 85.8 150.74 134.2
258.29 111.11 97.23 69.0
154.27 77.04 176.57 202.59
296.7 152.47 55.01 231.28
50.96 107.48 289.13 233.39
294.33 63.28 139.37 159.76
64.63 181.27 36.7 42.26
19.38 228.57 281.14 157.62
177.61 30.47 183.83 187.09
296.4 31.65 89.54 219.78
152.22 67.78 201.46 227.23
20.64 151.63 28.61 193.93
182.93 81.47 187.95 28.64
216.06 41.78 101.01 137.24
235.41 155.97 98.9 102.97
41.86 191.84 205.28 32.37
274.23 94.61 30.1 202.18
34.17 202.0 151.65 85.93
183.95 151.32 168.66 35.79
277.08 133.2 21.19 159.97
284.28 119.16 221.25 234.49
78.42 51.15 178.14 79.22
252.53 51.14 48.41 113.42
62.79 126.39 130.79 114.56
171.14 162.87 229.11 195.8
142.37 223.86 118.87 73.06
295.23 144.31 127.5 21.38
174.61 43.06 233.7 82.48
43.71 235.48 252.67 220.95
159.81 237.36 211.23 235.82
36.24 38.37 141.01 186.56
150.23 168.46 161.89 228.72
157.17 64.9 174.23 203.72
116.33 199.7 214.88 180.11
271.21 38.24 185.23 180.03
89.07 159.05 78.31 204.18
259.57 212.25 167.51 41.83
86.54 150.61 180.25 39.01
248.61 71.38 217.66 28.01
291.35 60.36 229.66 94.77
207.34 100.81 159.11 87.73
249.39 140.01 254.82 51.96
228.52 184.2 254.3 176.19
64.07 49.83 105.61 167.64
226.82 203.76 60.88 80.12
144.08 239.07 264.78 155.0
221.5 194.98 231.55 222.21
266.25 169.94 102.15 219.31
84.65 225.88 35.74 121.16
264.09 138.94 104.36 150.56
69.8 228.0 270.24 211.42
6.09 166.26 231.43 20.83
264.39 64.03 59.38 134.52
236.81 62.09 195.56 111.75
27.44 235.77 155.65 54.95
281.8 211.59 105.43 219.07
226.26 111.26 100.6 216.1
75.14 33.11 142.33 96.54
248.19 40.22 102.47 130.22
186.38 111.65 216.5 173.42
16.64 101.07 296.81 188.82
152.96 239.66 154.56 127.15
86.71 94.2 18.67 146.08
57.86 46.84 71.74 85.76
92.31 201.06 73.19 221.25
122.62 221.01 125.56 231.32
206.87 112.07 186.86 226.46
184.37 97.2 274.87 215.14
14.14 138.63 261.68 77.43
13.29 186.85 170.18 78.51
8.57 92.65 200.42 109.86
275.66 119.37 66.92 51.28
147.03 129.2 210.79 146.79
148.58 157.34 154.06 103.51
232.42 178.08 211.74 88.39
125.55 92.7 187.26 75.46
142.03 173.55 98.1 220.64
91.89 202.75 143.58 132.54
128.81 206.99 101.16 133.05
154.56 107.93 63.33 102.02
200.22 223.5 62.38 91.18
22.87 191.08 33.3 127.5
255.3 52.1 134.46 153.46
66.14 226.91 217.7 33.74
55.59 22.69 279.98 128.27
152.58 81.87 139.01 178.16
166.39 49.6 217.6 149.76
121.59 80.12 166.17 89.82
294.89 73.54 145.86 202.03
268.38 124.03 241.11 35.53
191.79 229.14 256.54 119.89
177.87 207.96 142.42 141.13
75.27 113.47 18.64 52.76
70.25 178.98 92.77 153.75
70.15 207.73 293.1 150.87
271.42 104.84 93.33 139.14
216.36 146.74 30.05 115.49
49.16 220.02 192.63 110.35
199.88 96.9 101.1 177.78
107.12 79.69 97.62 62.14
263.72 101.24 218.13 176.63
153.73 210.97 253.61 105.81
185.09 173.62 145.59 119.39
197.67 202.14 49.96 228.92
161.73 199.36 125.19 25.23
150.03 169.62 109.04 177.95
185.32 124.09 136.75 220.11
195.87 211.08 287.67 33.29
122.94 59.22 86.85 134.97
70.81 190.52 185.11 33.2
140.04 24.1 295.67 118.69
108.08 209.97 125.18 70.21
110.71 177.86 178.04 28.78
67.59 185.03 242.73 226.12
262.68 200.05 18.38 47.2
38.81 229.94 56.33 121.01
152.1 87.13 230.18 147.48
155.59 96.08 280.15 151.46
56.39 145.29 157.9 177.96
282.87 48.49 88.15 48.87
266.87 85.99 168.64 210.22
182.95 44.1 235.33 63.19
220.87 27.97 253.59 220.42
155.83 143.48 61.89 169.08
237.79 61.8 36.34 156.29
216.61 157.19 247.07 189.52
223.61 123.74 281.4 125.29
167.88 120.31 68.7 123.49