19.1 40.26 31.34 33.57
68.75 40.74 135.93 86.38
37.88 22.02 137.59 49.03
145.9 48.8 94.37 48.8
89.16 116.19 142.32 85.83
57.53 39.08 31.68 36.67
89.06 97.37 55.18 122.55
18.19 63.34 120.01 63.34
85.89 77.88 59.79 93.6
111.21 124.01 44.26 131.64
107.81 75.99 31.52 75.99
140.86 54.9 139.17 23.9
100.56 102.69 41.23 22.73
138.98 99.53 84.7 137.96
46.99 58.52 76.17 58.52
37.37 33.75 45.18 127.17
40.79 65.66 120.84 47.61
135.84 59.68 37.13 27.12
98.09 37.92 25.77 37.92
122.0 74.05 108.84 49.64
93.9 72.82 115.28 42.08
58.25 119.34 94.74 95.04
134.15 130.2 19.22 41.22
122.82 20.77 120.17 20.77
63.29 54.91 77.09 31.36
133.49 100.96 98.6 118.36
54.59 64.83 20.14 45.87
71.85 44.91 76.43 44.91
136.36 49.65 85.58 21.62
123.12 77.4 97.57 27.6
109.01 128.38 89.19 96.88
56.47 72.29 90.04 79.61
24.58 42.08 93.69 42.08
133.06 124.67 109.4 103.04
57.87 54.85 17.75 114.37
99.37 79.31 119.2 42.32
72.91 135.62 37.02 37.52
16.97 65.93 63.38 65.93
95.19 80.69 81.29 42.83
135.43 75.32 147.82 105.38
92.17 108.88 37.65 48.5
26.26 42.37 68.06 42.37
71.67 108.8 146.43 96.44
87.02 57.25 30.53 90.34
84.66 42.76 70.9 29.76
135.16 123.99 112.48 30.77
54.58 90.24 131.79 90.24
30.72 25.11 148.82 76.86
91.84 33.93 100.03 29.05
115.58 20.6 72.74 59.05
141.92 65.49 116.53 52.9
73.38 36.67 115.68 36.67
109.07 108.0 99.9 80.25
115.94 127.16 137.53 64.64
65.43 135.96 100.04 29.68
36.41 36.8 63.34 36.8
80.97 81.17 67.15 109.04
90.94 81.07 56.33 51.45
115.76 117.1 93.85 111.35
105.77 93.66 118.19 119.11
87.9 107.22 102.05 68.26
65.71 94.0 97.66 115.65
132.67 89.0 85.01 113.66