51.48 94.67 33.34 94.67
39.99 188.38 99.78 42.37
115.8 45.6 69.65 45.6
119.56 167.1 57.33 79.04
52.36 60.01 149.69 137.39
109.34 87.35 109.34 162.85
79.04 144.52 109.07 64.72
139.57 151.5 115.29 42.83
87.5 96.09 125.97 96.09
99.72 184.91 103.14 138.01
63.67 99.68 104.98 99.68
126.16 102.64 98.26 193.48
115.2 157.02 66.86 136.26
139.22 134.68 84.03 165.42
80.29 196.57 128.62 37.98
69.83 92.82 129.2 92.82
47.38 90.44 77.77 112.72
57.13 152.19 45.16 152.19
131.8 50.41 110.65 74.71
121.34 135.2 129.77 164.66
103.56 96.26 103.56 101.2
132.87 121.3 120.92 154.75
135.32 173.04 65.17 173.04
31.04 182.14 78.55 182.14
43.35 170.94 33.25 72.05
96.03 188.48 96.03 63.78
116.94 51.85 74.51 172.96
115.11 165.16 74.35 182.0
101.39 152.93 60.83 152.93
117.91 163.31 147.0 149.7
119.03 59.34 50.03 59.34
76.16 49.57 134.34 109.82
149.36 139.07 38.27 92.81
118.18 49.85 34.58 77.44
149.77 168.49 48.5 168.49
95.11 49.64 91.8 121.12
48.15 35.5 90.65 35.5
73.59 114.3 143.59 100.4
30.84 125.69 141.41 119.74
138.65 98.21 138.65 198.64
66.9 97.65 142.81 94.55
101.91 127.17 126.3 137.59
47.39 177.03 57.23 177.03
49.13 176.95 148.75 58.52
64.05 127.2 70.54 172.35
122.97 35.5 122.97 31.18
119.31 76.98 116.65 116.3
86.91 68.25 147.32 50.22