119.16 80.47 156.06 187.22
122.97 95.32 75.91 199.52
56.35 32.02 197.33 54.04
145.34 124.05 131.55 210.78
156.55 99.88 144.56 129.29
63.41 219.94 171.39 225.31
132.88 136.74 79.82 104.78
67.28 104.14 161.97 153.38
197.7 140.34 25.07 62.28
185.35 92.4 193.76 68.99
175.57 30.86 190.35 203.76
80.12 66.55 35.39 195.03
170.14 164.34 171.26 105.68
164.49 107.76 157.02 187.17
95.91 226.48 149.19 95.63
108.9 110.63 148.3 37.52
30.21 152.18 86.49 152.01
133.8 123.0 176.18 193.48
98.62 173.4 164.53 225.36
67.74 87.24 142.76 200.0
123.0 161.63 93.13 80.31
129.54 189.4 180.42 180.03
68.96 62.13 97.69 188.36
29.74 154.56 89.42 73.72
97.23 123.81 167.77 82.85
64.75 157.36 120.14 163.61
20.62 134.38 88.17 93.86
134.05 223.33 40.29 168.95
106.04 77.03 161.4 61.94
68.64 227.76 124.18 98.87
78.32 180.92 107.68 160.8
146.33 179.98 149.27 35.03
146.87 87.47 132.39 120.92
90.08 239.07 58.31 233.76
97.62 100.08 125.49 66.06
137.91 40.9 153.29 174.08
17.76 116.34 48.51 229.71
104.08 127.37 129.56 231.4
157.77 102.55 178.44 101.21
169.37 53.38 128.18 203.93
95.18 180.06 179.55 64.92
110.35 41.5 121.41 131.83
52.5 184.44 177.38 81.75
176.13 143.64 135.1 39.05
26.65 49.33 69.13 206.68